Morphology	tau	rheobase_absolute	fI_slope	rheobase_relative	Rin	RMP	AHP	AHP_time	burst_ratio	AP_adaptation	AP_threshold	AP_peak_accomodation_absolute	AP_width_adaptation	firingrate_2xrheobase	iEPSP_peak_1	iEPSP_peak_5	iEPSP_summation	cfADP	sag_percentage	resonant_frequency	trough_impedance	impedance_relative
nm2024_04_02_c3	V2M L5	13.55	119	191	121	91.43	-75.37	-10.22	16.32	2.47	0.18	-48.35	-1.69	1.31	24.77	1.3	2.17	1.67	91.04	19.16	3.3	103.21	1.14
nm2024_04_03_c1	V2M L5	9.86	5	238	60	219.67	-59.53	-14.73	17.03	1.67	0.17	-39.13	1.72	1.24	20.75	2.05	5.09	2.48	-8.36	9.5	0.7	206.72	1.18
nm2024_04_04_c6	V2M L5	8.16	95	373	121	185.22	-71.06	-10.21	6.85	2.65	0.09	-42.82	-2.33	1.34	54.12	2.2	3.81	1.73	-14.07	5.71	0	266.04	1
nm2024_04_04_c7	V2M L5	9.72	131	200	201	71.31	-63.05	-9.4	12.9	2.09	-0.02	-32.54	-5.32	1.53	35.79	1.18	1.43	1.21	-47.82	19.52	5.47	80.04	1.27
nm2024_04_12_c1	V2M L5	10.37	151	334	162	48.09	-70.95	-8.68	8.86	2.24	0.22	-42.18	-4.52	1.28	55.7	1.19	1.38	1.16	133.95	35.82	5.97	61.06	1.37
nm2024_04_15_c1	V2M L5	14.55	40	216	41	318.17	-72.7	-18.1	26.72	1.82	0.36	-40.43	0.27	1.11	10.38	2.73	8.1	2.97	-48.34	13.72	0	356.66	1
nm2024_04_15_c2	V2M L5	7.35	242	236	223	58.42	-75.78	-7.68	7.12	1.61	-0.07	-45.93	-1.64	1.45	62.4	1.13	1.21	1.07	19.66	20.47	7.93	55.79	1.33
nm2024_04_15_c4	V2M L5	4.85	96	378	101	89.81	-72.44	-7.31	7.06	2.06	0.16	-53.4	-1.79	1.26	47.28	1.83	2.45	1.34	59.15	11.85	3.47	133.88	0.99
nm2024_04_17_c0	V2M L5	18.35	46	205	101	120.75	-66.04	-10.32	10.98	1.69	0.05	-45.82	-4.12	1.35	23.96	1.96	4.52	2.31	2.7	40.84	2.7	165.53	1.26
nm2024_04_17_c2	V2M L5	11.55	146	431	142	88.15	-72.3	-4.66	13.19	2.34	0.08	-32.25	-5.06	1.68	50.14	1.74	2.13	1.22	483.68	19.86	5.33	102.97	1.16
nm2024_04_17_c3	V2M L5	17.91	30	282	40	130.34	-64.18	-16.03	24.79	1.37	0	-41.34	-1.87	1.1	11.41	2.16	3.85	1.78	-8.52	15.32	3.87	137.34	1.06
nm2024_04_17_c4	V2M L5	8.11	6	225	81	90.71	-58.8	-12.13	8.57	1.1	-0.11	-42.22	-1.05	1.14	21.54	1.68	2.38	1.42	45.09	13.71	3.83	92.57	1.1
nm2024_04_17_c5	V2M L5	9.49	-53	172	121	98.11	-56.65	-13.16	10.29	1.36	0	-45.38	-0.56	1.28	23.96	1.6	2.64	1.65	6.72	12.07	3.3	105.64	1.08
nm2024_04_18_c0	V2M L5	10.84	-5	591	40	274.07	-68.69	-10.7	8.3	1.26	0.07	-46.23	-5.01	1.13	45.87	9.71	18.63	1.92	-13.19	8.53	1.67	286.5	1.04
nm2024_04_18_c1	V2M L5	14.91	121	143	101	79.07	-76.28	-13.02	21.15	1.17	0.05	-46.1	0.08	1.11	14.12	1.12	1.98	1.77	42.14	14.65	3	88.4	1.09
nm2024_06_06_c0	V2M L2/3	12.4	106	279	61	371.34	-86.03	-13.06	10.22	1.82	0.12	-41.67	-2.28	1.21	36.21	2.62	8.43	3.22	-57.24	1.57	0	507.84	1
nm2024_06_06_c4	V2M L5	10.3	92	447	121	66.1	-70.63	-7.98	11.82	2.39	0.12	-43.8	-11.97	1.71	48.45	1.66	2.1	1.27	61.24	33.41	4.97	74.33	1.3
nm2024_06_06_c6	V2M L2/3	9.39	1	307	40	353.12	-60.21	-14.86	7.46	1.54	0.08	-41.17	-0.52	1.24	20.09	3.39	7.3	2.15	116.78	2.58	0	484.47	1
nm2024_06_07_c1	V2M L2/3	12.13	56	393	61	321.23	-74.22	-12.05	28.49	4.25	0.4	-31.79	-23.28	4.71	24.61	1.78	4.45	2.5	17.13	1.44	0	331.81	1
nm2024_06_11_c3	V2M L2/3	7.54	106	199	81	265.88	-79.87	-9.14	18.15	4.14	0.37	-35.58	-13.5	1.57	29.9	2.15	5.88	2.73	-5.82	0.34	0	305.99	1
nm2024_06_12_c2	V1 L2/3	8.39	77	203	101	161.7	-68.58	-10.66	12.02	1.81	0.14	-38.2	-3.4	1.19	27.53	1.73	3.26	1.88	-37.49	0.4	0.5	184.13	1
nm2024_06_12_c4	V2M L2/3	13.05	6	515	40	298.56	-64.72	-12.44	1.74	2.62	0.31	-41.37	-10.22	1.17	28.03	2.73	7.51	2.75	4.35	17.17	0.5	266.41	1
nm2024_06_12_c5	V2M L2/3	9.13	46	217	61	337.57	-62.22	-10.52	39.18	3.79	0.39	-31.9	-8.21	1.65	17.98	2.3	5.52	2.4	100.82	5.2	0	401.44	1
nm2024_06_12_c6	V2M L2/3	16.52	36	295	40	510.59	-69.65	-14.35	28.42	2.39	0.32	-32.27	-12.67	1.86	17.69	2.88	8.67	3.01	112.09	0.49	0.5	524.76	1
nm2024_06_14_c0	V2M L2/3	5.58	122	264	121	241.54	-75.62	-3.45	17.55	4.17	0.23	-36.66	-5.47	1.52	44.56	1.67	3.66	2.19	-39.38	2.26	1.17	166.19	1.02
nm2024_06_18_c2	V2M L2/3	5.76	122	264	121	169.42	-70.68	-9.08	11.8	1.82	0.01	-35.1	-0.49	1.23	29.95	1.59	2.76	1.74	4.12	0.28	0	193.74	1
nm2024_06_18_c3	V2M L2/3	12.03	126	298	81	239.89	-80.18	-11.29	17.81	2.21	0.15	-38.59	-8.52	1.38	30.69	1.47	3.37	2.29	-37.34	0.11	0	334.74	1
nm2024_06_19_c2	V2M L2/3	16.6	126	243	81	297.89	-81.36	-8.27	17.87	2.45	0.14	-43.57	-6.81	1.37	27.58	1.55	4.46	2.88	-26.88	0.72	2.45	2.45	2.45
nm2024_06_19_c3	V2M L2/3	5.09	166	335	101	183.01	-80.87	-5.94	16.74	2.79	0.11	-35.04	-2.53	1.51	34.89	1.72	3.35	1.95	5.45	1.06	0	202.22	1
nm2024_06_19_c4	V1 L2/3	7.88	122	313	121	261.57	-74.95	-8.74	14.37	2.83	0.15	-35.01	-5.62	1.38	41	1.67	3.56	2.13	-20.9	3.56	0	192.87	1
nm2024_06_20_c0	V1 L2/3	10.36	306	236	142	205.18	-86.85	-6.9000001	17.68	2.8299999	0.22	-40.369999	-5.1399999	1.35	35.060001	1.24	2.88	2.32	-50.18	0.13	0	230.46	1
nm2024_06_20_c2	V1 L2/3	6.11	187	274	162	154.98	-75.97	-5.93	14.07	3.18	0.19	-36.32	-11.5	1.74	49.74	1.36	2.87	2.11	-18.68	0.53	0.5	160.39	1
nm2024_06_20_c3	V2M L2/3	7.75	166	236	101	148.69	-77.04	-6.79	18.13	2.19	0.13	-40.15	-8.47	1.32	28.7	1.19	2.57	2.16	24.38	0.7	1.07	116.74	1.02
nm2024_06_24_c2	V2M L2/3	5.11	167	204	121	157.47	-79.76	-6.93	19.4	3.15	0.26	-37.58	-5.03	1.54	31.89	1.44	2.75	1.91	5.68	0.5	0	222.85	1
nm2024_06_24_c3	V1 L2/3	15.13	81	197	81	232.27	-77.37	-11.56	18.530001	2.4000001	0.17	-38.240002	-4.6999998	1.26	22.02	2.35	4.97	2.11	-18.62	1.14	0	419.72	1
nm2024_06_26_c3	V1 L2/3	7.15	67	369	91	217.97	-70.38	-12.19	10.72	1.76	0.15	-36.57	-6.3	1.39	47.59	2.42	3.94	1.63	-72.83	1.28	0	336.44	1
nm2024_06_26_c4	V1 L2/3	15.07	136	463	91	180	-80.67	-10.24	13.77	2.38	0.13	-35.68	-17.94	2.21	42.74	1.59	3.92	2.47	-17.23	0.39	0	261.11	1
nm2024_06_27_c9	V1 L5	9.6	36	266	81	166.71	-65.06	-10.28	24.209999	3.9200001	0.28999999	-37.650002	-5.8200002	1.48	25.639999	1.71	3.67	2.15	-46.81	6.07	1.5	191.09	1.02
nm2024_06_28_c1	V1 L5	11.49	56	473	81	52.65	-70.05	-7.9200001	25.620001	4.8000002	0	-41.41	-10.33	1.13	29.23	0.98	1.64	1.67	214.82	16.67	4.4	59.99	0.97
nm2024_06_28_c3	V1 L5	10.38	57	213	101	170.16	-67.34	-8.36	14.44	1.58	0.11	-43.38	-0.97	1.24	25.32	1.4	2.9	2.07	-0.2	8.62	0.87	129.7	1
nm2024_06_28_c4	V2M L5	7.22	57	325	101	80.46	-71.27	-5.25	18.75	4.74	-0.09	-44.51	-10.35	1.36	37.89	1.23	2.19	1.78	-1.6	18.28	2.23	84.95	1.06
nm2024_07_24_c0	V1 L2/3	5.23	103	218	182	129.81	-61.93	-5.7399998	18.58	4.1199999	0.27000001	-31.059999	-3.22	1.71	38.220001	1.36	1.95	1.43	1.43	3.48	0	151.05	1
nm2024_07_24_c2	V2M L5	9.75	102	293	101	100.86	-74.23	-6.94	13.2	1.07	-0.48	-48.73	-8.56	1.24	35.85	1.14	2.03	1.78	358.75	16.55	0.57	118.75	1
nm2024_07_26_c0	V1 L5	2.71	77	162	121	116.57	-62.98	-7.97	24.92	2.72	0.27	-33.52	0.96	1.3	19.11	2.01	3.39	1.69	121.67	2.77	1.77	116.78	1
nm2024_07_26_c1	V1 L5	10.1	102	183	121	155.8	-68.73	-11.22	17.66	1.77	0.2	-41.6	-3.44	1.52	21.95	1.8	2.98	1.66	11.55	7.31	0	160.16	1
nm2024_07_26_c2	V1 L5	8.01	183	267	182	127.65	-76.4	-11.11	16.81	2.23	0.25	-37.07	-9.01	1.46	31.67	1.01	2.07	2.05	9.49	8.02	0.87	147.4	1
nm2024_07_26_c3	V1 L5	5.4	3	231	101	95.52	-63.89	-10.21	12.13	1.44	0	-44.17	-1.15	1.23	32.42	1.24	2.34	1.89	150.88	16.41	4.53	65.67	1.11
nm2024_07_29_c0	V1 L5	9.42	230	237	162	111.27	-77.23	-11.7	13.49	2.72	0.27	-35.72	-10.07	1.58	43.47	1.09	2.14	1.96	-0.68	3.07	0	138.01	1
nm2024_07_29_c1	V1 L5	9.54	41	247	61	374.88	-66.43	-14	17.43	2.22	0.2	-37.03	-3.53	1.29	24.58	3.07	6.95	2.26	-45.85	1.05	0.5	389.24	1
nm2024_07_29_c2	V1 L5	9.28	97	522	142	58.93	-74.4	-4.95	20.71	5.43	0.26	-41.69	-10.59	1.39	39.82	0.97	1.9	1.96	325.78	9.27	5	58.17	0.99
nm2024_07_30_c0	V1 L2/3	10.18	260	190	162	176.85	-80.75	-9.45	12.5	2.4	0.22	-39.1	-5.71	1.4	40.9	1.33	3.06	2.3	-54.71	1.62	1.27	143.42	1.01
nm2024_07_30_c4	V1 L2/3	7.17	288	210	223	84.13	-78.04	-10.62	8.43	2.57	0.14	-36.8	-6.04	1.43	58.8	1.23	1.82	1.48	-46.15	0.14	2.7	83.79	1.01
nm2024_08_01_c3	V1 L2/3	5.55	217	182	142	146.58	-81.48	-8.6899996	19.040001	4.8000002	0.33000001	-37.650002	-3.9000001	1.28	30.040001	1.25	2.56	2.05	4.87	1.98	0	183.11	1
nm2024_08_02_c1	V1 L2/3	9.34	118	194	162	163.52	-72.42	-10.92	13.52	3.05	0.11	-36.869999	-5.6700001	1.4299999	34.110001	1.37	2.53	1.85	-16.89	0.36	0	252.22	1
nm2024_08_02_c2	V1 L2/3	10.31	261	126	162	104.26	-79.43	-12.71	22.26	2.39	0.2	-33.32	-7.02	1.23	22.16	0.82	1.94	2.37	-63.92	0.24	1.43	112.54	1.02
